geometry:
  side_mm: 781.8
  tkr:
    height_mm: 598.2
    # The z edges are obtained by running the script `tkr_z_edges.py`
    z_edges_x: [29.299999999999997, 59.19, 91.28999999999999, 123.89, 156.99, 190.08999999999997, 223.19, 255.89, 288.19, 320.49, 352.79, 385.09000000000003, 417.39, 449.69, 481.99, 514.29, 546.5899999999999, 578.89, 608.88]
    z_edges_y: [27.060000000000002, 59.230000000000004, 91.29, 123.89, 156.99, 190.09, 223.19, 255.89, 288.19, 320.49, 352.78999999999996, 385.09, 417.39, 449.69, 481.99, 514.29, 546.59, 578.8900000000001, 611.2]

  cal:
    height_mm: 218.2
    pitch_mm: 27.84
    tower_gap_mm: 40.42
    ext_gap_mm: 53.01
  event:
    bin_width_mm: 13.9
    bin_height_mm: 13.9

pipeline:
  chunk_size: 50000
  jitter_bounds: 1e-5
